0 0.22898453261600538 0.22537792029317452 0.11970410221923336 0.05222171323866239
0 0.2748823133826496 0.16697205680256527 0.12878278412911903 0.047182775996335316
0 0.3952589105581708 0.13444800732936327 0.06355077336919973 0.030691708657810353
0 0.4801613987895091 0.13765460375629868 0.06724949562878278 0.02885936784241869
0 0.5479152656355077 0.16055886394869445 0.04404841963685272 0.024278515803939534
0 0.6012104909213181 0.15345854328905176 0.04371217215870881 0.022904260192395786
0 0.7385675857431069 0.14910673385249656 0.03261600537995965 0.014200641319285386
0 0.6531607262945528 0.19033440219880898 0.027908540685944856 0.017865322950068714
0 0.6918291862811029 0.19056344480073292 0.04942837928715535 0.02565277141548328
0 0.6277740416946873 0.24278515803939532 0.09145931405514458 0.03573064590013743
0 0.48688634835238737 0.4500687127805772 0.8332212508406187 0.3614292258360055
