0 0.07936507936507936 0.4097222222222222 0.03306878306878307 0.020833333333333332
0 0.015046296296296295 0.43787202380952384 0.02943121693121693 0.027529761904761904
0 0.05505952380952381 0.4738343253968254 0.08167989417989419 0.0339781746031746
0 0.2587632275132275 0.44308035714285715 0.08167989417989419 0.030009920634920636
0 0.2152777777777778 0.46589781746031744 0.10251322751322751 0.0339781746031746
0 0.08382936507936507 0.5317460317460317 0.10085978835978836 0.03521825396825397
0 0.02546296296296296 0.5709325396825397 0.05026455026455026 0.04563492063492063
0 0.5076058201058201 0.44308035714285715 0.07473544973544974 0.01711309523809524
0 0.5719246031746031 0.39732142857142855 0.0539021164021164 0.014384920634920634
0 0.49206349206349204 0.4632936507936508 0.1130952380952381 0.020833333333333332
0 0.45105820105820105 0.48549107142857145 0.09060846560846561 0.021081349206349208
0 0.42410714285714285 0.5083085317460317 0.10945767195767196 0.030009920634920636
0 0.37351190476190477 0.5474950396825397 0.1306216931216931 0.04836309523809524
0 0.5216600529100529 0.5886656746031746 0.12003968253968254 0.054811507936507936
0 0.19775132275132276 0.6826636904761905 0.15145502645502645 0.054811507936507936
0 0.10284391534391535 0.7726934523809523 0.1984126984126984 0.07564484126984126
0 0.7738095238095238 0.45944940476190477 0.06084656084656084 0.015625
0 0.7572751322751323 0.47705853174603174 0.10449735449735449 0.0220734126984127
0 0.7495039682539683 0.5064484126984127 0.10284391534391535 0.028769841269841268
0 0.7425595238095238 0.5364583333333334 0.09556878306878307 0.03670634920634921
0 0.7276785714285714 0.5808531746031746 0.12533068783068782 0.039186507936507936
0 0.7078373015873016 0.6375248015873016 0.13392857142857142 0.05084325396825397
0 0.6774140211640212 0.7230902777777778 0.1669973544973545 0.060267857142857144
0 0.6225198412698413 0.8425099206349206 0.20006613756613756 0.0873015873015873
0 0.9682539682539683 0.4730902777777778 0.06349206349206349 0.0220734126984127
0 0.9770171957671958 0.5286458333333334 0.045965608465608467 0.023561507936507936
0 0.980489417989418 0.5572916666666666 0.03902116402116402 0.010416666666666666
0 0.9831349206349206 0.5964781746031746 0.03373015873015873 0.015873015873015872
0 0.9866071428571429 0.6440972222222222 0.026785714285714284 0.027281746031746032
0 0.9900793650793651 0.6976686507936508 0.01984126984126984 0.016865079365079364
