0 0.11257309941520467 0.4290021929824561 0.16593567251461988 0.06633771929824561
0 0.2810672514619883 0.42351973684210525 0.06652046783625731 0.03782894736842105
0 0.3406432748538012 0.4311951754385965 0.12719298245614036 0.03344298245614035
0 0.46381578947368424 0.4284539473684211 0.06286549707602339 0.03673245614035088
0 0.49890350877192985 0.4114583333333333 0.016812865497076022 0.01699561403508772
0 0.5674342105263158 0.41694078947368424 0.10855263157894737 0.03125
0 0.6911549707602339 0.4199561403508772 0.04312865497076023 0.025219298245614034
0 0.7653508771929824 0.42269736842105265 0.059941520467836254 0.03399122807017544
0 0.8154239766081871 0.4141995614035088 0.019736842105263157 0.022478070175438597
0 0.8715277777777778 0.40597587719298245 0.07419590643274854 0.042214912280701754
0 0.9703947368421053 0.4213267543859649 0.054093567251461985 0.01699561403508772
0 0.26937134502923976 0.549890350877193 0.42909356725146197 0.2543859649122807
