0 0.230859375 0.22340425531914893 0.11640625 0.05106382978723404
0 0.278125 0.16702127659574467 0.128125 0.05531914893617021
0 0.397265625 0.13670212765957446 0.06796875 0.02872340425531915
0 0.4796875 0.1377659574468085 0.06875 0.03297872340425532
0 0.472265625 0.17446808510638298 0.03359375 0.019148936170212766
0 0.630078125 0.24095744680851064 0.09609375 0.045744680851063826
0 0.6515625 0.18829787234042553 0.0203125 0.02127659574468085
0 0.69296875 0.19042553191489361 0.0515625 0.03404255319148936
0 0.738671875 0.14893617021276595 0.03515625 0.02553191489361702
0 0.539453125 0.15691489361702127 0.02421875 0.015957446808510637
0 0.55625 0.16276595744680852 0.01875 0.010638297872340425
0 0.6015625 0.15531914893617021 0.04375 0.02127659574468085
0 0.487109375 0.45159574468085106 0.84140625 0.36914893617021277
