      0/49     7.42G   0.07466   0.01747         0   0.09213        40       640    0.2781    0.3144    0.1525   0.03695   0.09757   0.01525         0
      1/49     7.38G   0.06402   0.01243         0   0.07645        27       640    0.6423    0.4659    0.4953     0.195   0.08446   0.01238         0
      2/49     7.38G   0.05996   0.01027         0   0.07023        52       640     0.567     0.553    0.5175     0.177   0.07637    0.0126         0
      3/49     7.38G   0.05315  0.009954         0    0.0631        21       640    0.7679    0.3788    0.4919    0.1912   0.07445   0.01152         0
      4/49     7.38G   0.05152  0.009271         0   0.06079        31       640    0.8052    0.6326    0.7405     0.382   0.06791   0.01181         0
      5/49     7.38G   0.05136  0.008993         0   0.06036        20       640    0.8194    0.7045    0.7688    0.3619   0.06866   0.01074         0
      6/49     7.38G   0.04891  0.009206         0   0.05811        27       640    0.7962    0.4886    0.6202    0.3001   0.06589   0.01131         0
      7/49     7.38G   0.04605   0.00927         0   0.05532        24       640    0.8549    0.6249    0.7723    0.3717   0.06493   0.01046         0
      8/49     7.38G   0.04742   0.00857         0   0.05599        32       640    0.5974    0.6023    0.6814    0.3193   0.06726  0.009868         0
      9/49     7.38G   0.04399  0.008529         0   0.05252        34       640    0.8428    0.7121    0.7783    0.3714   0.06416    0.0103         0
     10/49     7.38G   0.04287    0.0086         0   0.05147        22       640    0.9042    0.7154     0.826     0.553   0.05783   0.01026         0
     11/49     7.38G   0.04349  0.008382         0   0.05187        49       640    0.7322    0.6742    0.7581    0.3967   0.06136   0.01034         0
     12/49     7.38G   0.04163  0.008892         0   0.05052        22       640     0.721    0.7197    0.7567    0.4696    0.0609  0.009557         0
     13/49     7.62G   0.03896   0.00831         0   0.04727        40       640    0.8571      0.75    0.8364    0.5625   0.06435  0.007859         0
     14/49      7.5G    0.0404  0.007718         0   0.04812        27       640    0.8611    0.7987    0.8462    0.5561   0.06301  0.008279         0
     15/49     7.62G   0.03543  0.007786         0   0.04321        40       640    0.8585    0.7879    0.8405    0.5693   0.05883  0.008272         0
     16/49      7.5G    0.0361   0.00747         0   0.04357        27       640    0.8566    0.7916    0.8352    0.5551   0.05915  0.008513         0
     17/49      7.5G   0.03739  0.007859         0   0.04525        52       640    0.8524    0.7874    0.8593    0.6127   0.05406  0.009511         0
     18/49      7.5G    0.0351  0.007879         0   0.04298        21       640    0.9089    0.7727     0.858    0.6689   0.05243  0.008801         0
     19/49      7.5G   0.03277  0.007483         0   0.04025        31       640    0.8871    0.8333    0.8632    0.6828   0.05158  0.008557         0
     20/49      7.5G   0.03209  0.007239         0   0.03933        20       640    0.8998    0.8182    0.8792    0.6568   0.05356  0.008085         0
     21/49      7.5G    0.0324  0.007315         0   0.03972        27       640    0.9366     0.784    0.8738    0.6522   0.05133  0.008297         0
     22/49      7.5G   0.03131  0.007822         0   0.03913        24       640    0.8886    0.8182    0.8713    0.6719   0.05141  0.008161         0
     23/49      7.5G   0.03004  0.007422         0   0.03747        32       640    0.9293    0.8485    0.9033    0.7082   0.05094  0.007561         0
     24/49      7.5G    0.0292  0.007039         0   0.03623        34       640    0.9387    0.8144    0.8949    0.7019   0.04984  0.007485         0
     25/49      7.5G   0.02933   0.00732         0   0.03665        22       640    0.9212    0.8409    0.8925    0.6926   0.05065   0.00758         0
     26/49      7.5G   0.02911   0.00701         0   0.03612        49       640    0.9432    0.8182    0.8905    0.6978   0.04974  0.007644         0
     27/49      7.5G   0.02793  0.007285         0   0.03521        22       640    0.9068    0.8481    0.8917    0.7147   0.04913  0.007479         0
     28/49     7.62G   0.02602  0.007019         0   0.03304        40       640      0.93    0.8561    0.8941    0.7256   0.04851  0.007177         0
     29/49     7.62G   0.02321  0.006356         0   0.02957        40       640    0.9355    0.8258    0.9025    0.7307   0.04873  0.007026         0
     30/49      7.5G   0.02605  0.006506         0   0.03256        27       640     0.934    0.8258     0.895    0.7189   0.04967  0.006811         0
     31/49      7.5G   0.02665  0.006333         0   0.03299        52       640    0.9413    0.8561    0.9089    0.7335   0.04867  0.006727         0
     32/49      7.5G   0.02565  0.006354         0     0.032        21       640    0.9649    0.8333    0.9068    0.7305   0.04961  0.006521         0
     33/49      7.5G   0.02385  0.005968         0   0.02981        31       640    0.9325     0.837    0.9011    0.7353   0.04862  0.006546         0
     34/49      7.5G   0.02295   0.00581         0   0.02876        20       640    0.9345    0.8674    0.9021    0.7351   0.04847  0.006448         0
     35/49      7.5G   0.02435  0.005929         0   0.03028        27       640    0.9497    0.8598    0.9235    0.7551   0.04736  0.006249         0
     36/49      7.5G   0.02281  0.006149         0   0.02896        24       640    0.9456     0.856    0.9121    0.7529   0.04724  0.006218         0
     37/49      7.5G   0.02245  0.005873         0   0.02832        32       640    0.9215    0.8902    0.9153    0.7533   0.04712  0.006131         0
     38/49      7.5G   0.02276  0.005519         0   0.02828        34       640    0.9222    0.8974    0.9291    0.7514    0.0473   0.00601         0
     39/49      7.5G   0.02214  0.005655         0   0.02779        22       640     0.937    0.9011    0.9279    0.7553   0.04728  0.005894         0
     40/49      7.5G   0.02256  0.005383         0   0.02794        49       640    0.9327    0.8922    0.9284    0.7564   0.04731  0.005981         0
     41/49     7.62G   0.01927  0.005253         0   0.02452        40       640    0.9535    0.8598    0.9217    0.7555   0.04727  0.005909         0
     42/49      7.5G   0.02041  0.005166         0   0.02557        27       640      0.94    0.8902    0.9219    0.7531   0.04733  0.005935         0
     43/49      7.5G   0.02147  0.005185         0   0.02665        52       640      0.94    0.8899    0.9203    0.7567   0.04738  0.005946         0
     44/49      7.5G    0.0201  0.005178         0   0.02528        21       640    0.9588    0.8823    0.9263    0.7626     0.047  0.005817         0
     45/49      7.5G   0.01927  0.004858         0   0.02413        31       640    0.9507    0.8788    0.9279    0.7678   0.04688  0.005881         0
     46/49      7.5G   0.01835  0.004656         0   0.02301        20       640    0.9549    0.8822    0.9288     0.768   0.04667  0.005905         0
     47/49      7.5G   0.01998  0.004873         0   0.02485        27       640    0.9627    0.8787    0.9237    0.7651   0.04705  0.005855         0
     48/49      7.5G   0.01911  0.005097         0   0.02421        24       640    0.9518    0.8972    0.9325    0.7718   0.04655  0.005753         0
     49/49      7.5G   0.01862  0.004902         0   0.02352        32       640    0.9517    0.8977    0.9362    0.7814   0.04649  0.005696         0
